Model number: 0

Accuracy: 0.4
F1 Score: 0.3738046942915097
Precision: 0.40582010582010586
Recall: 0.38619528619528615

Model number: 1

Accuracy: 0.36666666666666664
F1 Score: 0.36892230576441104
Precision: 0.3796296296296296
Recall: 0.3656565656565656

