Model number: 0

Accuracy: 0.8333333333333334
F1 Score: 0.5505279034690799
Precision: 0.5964912280701754
Recall: 0.5416666666666666

