Model number: 0

Accuracy: 0.6785714285714286
F1 Score: 0.5805322128851541
Precision: 0.7777777777777777
Recall: 0.5912698412698413

