
Model number: 0

Accuracy: 0.7
F1 Score: 0.648148148148148
Precision: 0.6759259259259259
Recall: 0.7175925925925926

