Model number: 0

Accuracy: 0.6551724137931034
F1 Score: 0.605169340463458
Precision: 0.6527777777777778
Recall: 0.5851851851851853

