Model number: 0

Accuracy: 0.4979253112033195
F1 Score: 0.36802246426140234
Precision: 0.3342366757000903
Recall: 0.4144630329195899

Model number: 1

Accuracy: 0.5394190871369294
F1 Score: 0.4213481091361276
Precision: 0.694255960795401
Recall: 0.4600199791023183

