Model number: 0

Accuracy: 0.7272727272727273
F1 Score: 0.49808429118773945
Precision: 0.5019607843137255
Recall: 0.5238095238095238

