Model number: 0

Accuracy: 0.5204918032786885
F1 Score: 0.44253063114184865
Precision: 0.5466241754984066
Recall: 0.46566597653554176

Model number: 0

Accuracy: 0.5081967213114754
F1 Score: 0.41077822571749484
Precision: 0.4585344449319877
Recall: 0.4421098059029093

