Model number: 0

Accuracy: 0.5560165975103735
F1 Score: 0.47462088283589304
Precision: 0.5280481632435601
Recall: 0.4906651724620971

Model number: 50

Accuracy: 0.5020746887966805
F1 Score: 0.40454921875285016
Precision: 0.5798333333333333
Recall: 0.4475047080979284

