Model number: 0

Accuracy: 0.6153846153846154
F1 Score: 0.614938080495356
Precision: 0.6447811447811448
Recall: 0.625

Model number: 0

Accuracy: 0.5277777777777778
F1 Score: 0.4496170496170497
Precision: 0.6722222222222222
Recall: 0.4898989898989899

